0 0
0.002 0.00557516
0.004 0.0111504
0.006 0.0167258
0.008 0.0223014
0.01 0.0278774
0.012 0.0334537
0.014 0.0390305
0.016 0.0446077
0.018 0.0501856
0.02 0.055764
0.022 0.0613432
0.024 0.0669231
0.026 0.0725038
0.028 0.0780853
0.03 0.0836678
0.032 0.0892511
0.034 0.0948355
0.036 0.100421
0.038 0.106007
0.04 0.111595
0.042 0.117183
0.044 0.122773
0.046 0.128364
0.048 0.133957
0.05 0.13955
0.052 0.145145
0.054 0.150741
0.056 0.156338
0.058 0.161937
0.06 0.167537
0.062 0.173138
0.064 0.178741
0.066 0.184345
0.068 0.189951
0.07 0.195558
0.072 0.201166
0.074 0.206776
0.076 0.212387
0.078 0.218
0.08 0.223614
0.082 0.229229
0.084 0.234846
0.086 0.240464
0.088 0.246084
0.09 0.251705
0.092 0.257327
0.094 0.262951
0.096 0.268576
0.098 0.274203
0.1 0.27983
0.102 0.285459
0.104 0.29109
0.106 0.296721
0.108 0.302354
0.11 0.307988
0.112 0.313623
0.114 0.31926
0.116 0.324898
0.118 0.330536
0.12 0.336176
0.122 0.341817
0.124 0.347459
0.126 0.353102
0.128 0.358746
0.13 0.364391
0.132 0.370037
0.134 0.375683
0.136 0.381331
0.138 0.386979
0.14 0.392629
0.142 0.398279
0.144 0.403929
0.146 0.409581
0.148 0.415233
0.15 0.420885
0.152 0.426538
0.154 0.432192
0.156 0.437846
0.158 0.443501
0.16 0.449156
0.162 0.454811
0.164 0.460467
0.166 0.466123
0.168 0.471779
0.17 0.477436
0.172 0.483092
0.174 0.488749
0.176 0.494406
0.178 0.500063
0.18 0.50572
0.182 0.511377
0.184 0.517033
0.186 0.52269
0.188 0.528346
0.19 0.534003
0.192 0.539659
0.194 0.545314
0.196 0.55097
0.198 0.556625
0.2 0.562279
0.202 0.567934
0.204 0.573587
0.206 0.57924
0.208 0.584893
0.21 0.590545
0.212 0.596196
0.214 0.601847
0.216 0.607497
0.218 0.613146
0.22 0.618794
0.222 0.624442
0.224 0.630089
0.226 0.635735
0.228 0.641379
0.23 0.647023
0.232 0.652666
0.234 0.658308
0.236 0.663949
0.238 0.669589
0.24 0.675228
0.242 0.680865
0.244 0.686502
0.246 0.692137
0.248 0.697771
0.25 0.703404
0.252 0.709035
0.254 0.714666
0.256 0.720295
0.258 0.725922
0.26 0.731549
0.262 0.737174
0.264 0.742798
0.266 0.74842
0.268 0.754041
0.27 0.759661
0.272 0.765279
0.274 0.770896
0.276 0.776511
0.278 0.782125
0.28 0.787737
0.282 0.793349
0.284 0.798958
0.286 0.804567
0.288 0.810174
0.29 0.815779
0.292 0.821383
0.294 0.826986
0.296 0.832587
0.298 0.838187
0.3 0.843786
0.302 0.849383
0.304 0.854979
0.306 0.860574
0.308 0.866168
0.31 0.87176
0.312 0.877351
0.314 0.882941
0.316 0.888529
0.318 0.894117
0.32 0.899703
0.322 0.905289
0.324 0.910873
0.326 0.916456
0.328 0.922039
0.33 0.92762
0.332 0.933201
0.334 0.938781
0.336 0.94436
0.338 0.949938
0.34 0.955516
0.342 0.961093
0.344 0.96667
0.346 0.972246
0.348 0.977822
0.35 0.983398
0.352 0.988973
0.354 0.994549
0.356 1.00012
0.358 1.0057
0.36 1.01127
0.362 1.01685
0.364 1.02243
0.366 1.028
0.368 1.03358
0.37 1.03915
0.372 1.04473
0.374 1.05031
0.376 1.05589
0.378 1.06147
0.38 1.06705
0.382 1.07263
0.384 1.07822
0.386 1.0838
0.388 1.08939
0.39 1.09498
0.392 1.10057
0.394 1.10616
0.396 1.11176
0.398 1.11735
0.4 1.12295
0.402 1.12855
0.404 1.13416
0.406 1.13976
0.408 1.14537
0.41 1.15099
0.412 1.1566
0.414 1.16222
0.416 1.16785
0.418 1.17347
0.42 1.17911
0.422 1.18474
0.424 1.19038
0.426 1.19603
0.428 1.20168
0.43 1.20733
0.432 1.21299
0.434 1.21866
0.436 1.22433
0.438 1.23
0.44 1.23569
0.442 1.24137
0.444 1.24707
0.446 1.25277
0.448 1.25848
0.45 1.2642
0.452 1.26992
0.454 1.27565
0.456 1.28139
0.458 1.28714
0.46 1.2929
0.462 1.29866
0.464 1.30444
0.466 1.31022
0.468 1.31602
0.47 1.32182
0.472 1.32763
0.474 1.33346
0.476 1.33929
0.478 1.34514
0.48 1.351
0.482 1.35687
0.484 1.36275
0.486 1.36864
0.488 1.37455
0.49 1.38047
0.492 1.38641
0.494 1.39235
0.496 1.39832
0.498 1.40429
0.5 1.41029
0.502 1.41629
0.504 1.42232
0.506 1.42836
0.508 1.43441
0.51 1.44049
0.512 1.44658
0.514 1.45269
0.516 1.45882
0.518 1.46496
0.52 1.47113
0.522 1.47731
0.524 1.48352
0.526 1.48975
0.528 1.49599
0.53 1.50226
0.532 1.50855
0.534 1.51487
0.536 1.52121
0.538 1.52757
0.54 1.53395
0.542 1.54036
0.544 1.5468
0.546 1.55326
0.548 1.55975
0.55 1.56627
0.552 1.57281
0.554 1.57938
0.556 1.58598
0.558 1.59261
0.56 1.59928
0.562 1.60597
0.564 1.61269
0.566 1.61945
0.568 1.62624
0.57 1.63306
0.572 1.63992
0.574 1.64681
0.576 1.65374
0.578 1.6607
0.58 1.6677
0.582 1.67474
0.584 1.68182
0.586 1.68894
0.588 1.6961
0.59 1.7033
0.592 1.71054
0.594 1.71783
0.596 1.72516
0.598 1.73254
0.6 1.73996
0.602 1.74743
0.604 1.75495
0.606 1.76251
0.608 1.77013
0.61 1.77779
0.612 1.78551
0.614 1.79328
0.616 1.80111
0.618 1.80899
0.62 1.81692
0.622 1.82492
0.624 1.83297
0.626 1.84108
0.628 1.84926
0.63 1.85749
0.632 1.86579
0.634 1.87415
0.636 1.88258
0.638 1.89108
0.64 1.89965
0.642 1.90828
0.644 1.91699
0.646 1.92577
0.648 1.93463
0.65 1.94356
0.652 1.95257
0.654 1.96166
0.656 1.97083
0.658 1.98009
0.66 1.98942
0.662 1.99885
0.664 2.00836
0.666 2.01796
0.668 2.02765
0.67 2.03744
0.672 2.04732
0.674 2.0573
0.676 2.06738
0.678 2.07756
0.68 2.08785
0.682 2.09824
0.684 2.10873
0.686 2.11934
0.688 2.13006
0.69 2.1409
0.692 2.15186
0.694 2.16293
0.696 2.17413
0.698 2.18545
0.7 2.1969
0.702 2.20849
0.704 2.2202
0.706 2.23206
0.708 2.24405
0.71 2.25619
0.712 2.26847
0.714 2.2809
0.716 2.29349
0.718 2.30623
0.72 2.31913
0.722 2.3322
0.724 2.34543
0.726 2.35883
0.728 2.37241
0.73 2.38617
0.732 2.40011
0.734 2.41424
0.736 2.42856
0.738 2.44307
0.74 2.45779
0.742 2.47271
0.744 2.48785
0.746 2.5032
0.748 2.51877
0.75 2.53457
0.752 2.55061
0.754 2.56688
0.756 2.58339
0.758 2.60015
0.76 2.61718
0.762 2.63446
0.764 2.65202
0.766 2.66985
0.768 2.68796
0.77 2.70637
0.772 2.72508
0.774 2.74409
0.776 2.76342
0.778 2.78308
0.78 2.80306
0.782 2.82339
0.784 2.84407
0.786 2.86511
0.788 2.88652
0.79 2.90832
0.792 2.9305
0.794 2.95309
0.796 2.9761
0.798 2.99954
0.8 3.02341
0.802 3.04774
0.804 3.07253
0.806 3.09781
0.808 3.12358
0.81 3.14986
0.812 3.17668
0.814 3.20403
0.816 3.23195
0.818 3.26044
0.82 3.28953
0.822 3.31924
0.824 3.34959
0.826 3.38059
0.828 3.41228
0.83 3.44467
0.832 3.47779
0.834 3.51166
0.836 3.54632
0.838 3.58178
0.84 3.61808
0.842 3.65524
0.844 3.69331
0.846 3.73231
0.848 3.77228
0.85 3.81325
0.852 3.85527
0.854 3.89837
0.856 3.9426
0.858 3.988
0.86 4.03462
0.862 4.08252
0.864 4.13174
0.866 4.18234
0.868 4.23438
0.87 4.28792
0.872 4.34304
0.874 4.39979
0.876 4.45825
0.878 4.51851
0.88 4.58064
0.882 4.64474
0.884 4.7109
0.886 4.77923
0.888 4.84982
0.89 4.9228
0.892 4.99829
0.894 5.07642
0.896 5.15734
0.898 5.24118
0.9 5.32812
0.902 5.41834
0.904 5.51201
0.906 5.60934
0.908 5.71056
0.91 5.81589
0.912 5.9256
0.914 6.03995
0.916 6.15927
0.918 6.28386
0.92 6.4141
0.922 6.55037
0.924 6.6931
0.926 6.84277
0.928 6.99988
0.93 7.16502
0.932 7.3388
0.934 7.52193
0.936 7.71518
0.938 7.91941
0.94 8.13558
0.942 8.36478
0.944 8.60821
0.946 8.86724
0.948 9.14341
0.95 9.4385
0.952 9.75449
0.954 10.0937
0.956 10.4588
0.958 10.8528
0.96 11.2794
0.962 11.7426
0.964 12.2475
0.966 12.8
0.968 13.4071
0.97 14.0772
0.972 14.8207
0.974 15.6504
0.976 16.5822
0.978 17.636
0.98 18.8375
0.982 20.2201
0.984 21.8278
0.986 23.7203
0.988 25.9804
0.99 28.7264
0.992 32.1328
0.994 36.4688
0.996 42.1716
0.998 50
